position: 
  x: 0.22801111395965373
  y: -2.8812228150017895e-05
  z: 0.40547925711262217
orientation: 
  x: 2.0257077384761924e-05
  y: 6.58812975688383e-05
  z: -4.558711431700052e-05
  w: 0.9999999965855602[position: 
  x: 0.32801111395965377
  y: -0.10002881222815002
  z: 0.5054792571126222
orientation: 
  x: 2.0257077384761924e-05
  y: 6.58812975688383e-05
  z: -4.558711431700052e-05
  w: 0.9999999965855602]